$ 1 0.000005 0.7087504708082256 51 5 43 5e-11
34 3v3 1 1.7143528192810002e-7 0 2.0000000000000084 3.3 1
z 1200 464 1200 384 2 3v3
g 1200 464 1200 512 0 0
s 1344 -160 1424 -160 0 1 true
r 928 320 1072 320 0 1000
p 1072 320 1072 464 1 0 0
g 1072 464 1072 512 0 0
370 1200 256 1200 384 1 0 0
R 528 352 432 352 0 0 40 60 0 0 0.5
s 528 352 656 352 0 1 true
R 528 384 432 384 0 0 40 0 0 0 0.5
r 928 320 928 464 0 10000
g 928 464 928 512 0 0
w 816 256 816 320 0
r 1200 256 1008 256 0 50000
r 1200 256 1344 256 0 1000
p 1344 256 1344 464 1 0 0
g 1344 464 1344 512 0 0
370 752 320 816 320 1 0 0
w 752 320 656 384 0
w 656 352 752 320 0
w 656 320 752 320 0
409 1584 272 1776 272 3 0.6 0 0.023100000000000002 2
r 1584 256 1392 256 0 1000
w 1584 368 1584 288 0
w 1840 368 1840 272 0
w 1840 272 1776 272 0
g 1680 464 1680 512 0 0
w 1680 464 1680 304 0
R 1584 192 1488 192 0 0 40 5 0 0 0.5
w 1584 192 1680 192 0
w 1680 192 1680 240 0
w 1392 256 1344 256 0
p 1920 272 1920 480 1 0 0
w 1920 272 1840 272 0
g 1920 480 1920 512 0 0
w 1840 368 1584 368 0
w 1840 736 1584 736 0
w 1680 560 1680 608 0
w 1584 560 1680 560 0
R 1584 560 1488 560 0 0 40 5 0 0 0.5
w 1680 832 1680 672 0
g 1680 832 1680 880 0 0
w 1840 640 1776 640 0
w 1584 736 1584 656 0
r 1584 624 1392 624 0 1000
409 1584 640 1776 640 3 0.6 0 0.023100000000000002 2
w 1072 320 1136 320 0
w 1136 320 1136 624 0
w 1136 624 1392 624 0
w 1840 640 1840 736 0
g 1920 848 1920 880 0 0
w 1920 640 1840 640 0
p 1920 640 1920 848 1 0 0
w 816 96 816 256 0
w 928 320 816 320 0
p 816 320 816 480 1 0 0
g 816 480 816 512 0 0
s 528 320 656 320 0 1 true
R 1168 0 1264 0 0 0 40 3.3 0 0 0.5
370 1008 256 816 256 1 0 0
R 528 320 448 320 0 0 40 5 0 0 0.5
w 816 -176 816 96 0
R 1008 0 1008 -80 0 0 40 3.3 0 0 0.5
t 1088 80 1008 80 0 -1 3.2997678914388233 -3.433761186499851e-8 100 default
r 1168 80 1168 0 0 10000
r 1344 -160 1264 -160 0 100
g 1168 160 1168 208 0 0
w 1008 96 816 96 0
g 1168 -112 1168 -64 0 0
r 1008 -176 816 -176 0 100
r 1168 -192 1168 -272 0 10000
t 1088 -192 1008 -192 0 -1 4.999762895311592 -0.000005029444889004253 100 default
R 1008 -272 1008 -352 0 0 40 5 0 0 0.5
R 1168 -272 1264 -272 0 0 40 5 0 0 0.5
r 1168 -192 1088 -192 0 100
t 1264 -160 1168 -160 0 1 -4.780330690369009 0.21966428069607885 100 default
w 1168 -176 1168 -192 0
w 1168 -144 1168 -112 0
r 1168 80 1088 80 0 100
R 1424 -160 1520 -160 0 0 40 3.3 0 0 0.5
s 1168 80 1168 160 0 1 true
370 1952 256 1952 384 1 0 0
38 9 F1 0 0 60 -1 Voltage
