$ 1 0.000005 382.76258214399064 24 5 43 5e-11
p 1024 320 1024 464 1 0 0
g 1024 464 1024 512 0 0
R 528 352 432 352 0 0 40 60 0 0 0.5
s 1280 176 1408 176 0 1 true
R 528 384 432 384 0 0 40 0 0 0 0.5
r 928 320 928 464 0 10000
g 928 464 928 512 0 0
w 816 256 816 320 0
370 752 320 816 320 1 0 0
w 752 320 656 384 0
w 656 352 752 320 0
w 656 320 752 320 0
409 2192 656 2384 656 3 0.6 0 0.023100000000000002 2
r 2192 640 1920 640 0 1000
w 2192 752 2192 672 0
w 2448 752 2448 656 0
w 2448 656 2384 656 0
g 2288 848 2288 896 0 0
w 2288 848 2288 688 0
R 2192 496 2096 496 0 0 40 5 0 0 0.5
w 2288 576 2288 624 0
p 2528 656 2528 864 1 0 0
w 2528 656 2448 656 0
g 2528 864 2528 896 0 0
w 1840 736 1584 736 0
w 1680 496 1680 608 0
w 1584 496 1680 496 0
R 1584 496 1488 496 0 0 40 5 0 0 0.5
w 1680 832 1680 672 0
g 1680 832 1680 880 0 0
w 1840 640 1776 640 0
w 1584 736 1584 656 0
r 1584 624 1392 624 0 1000
409 1584 640 1776 640 3 0.6 0 0.023100000000000002 2
w 1072 320 1136 320 0
w 1136 320 1136 624 0
w 1136 624 1392 624 0
w 1840 640 1840 736 0
g 1920 848 1920 880 0 0
w 1920 640 1840 640 0
p 1920 640 1920 848 1 0 0
p 816 320 816 480 1 0 0
g 816 480 816 512 0 0
s 528 320 656 320 0 1 true
R 960 144 1040 144 0 0 40 5 0 0 0.5
w 2288 576 2288 496 0
w 2288 496 2192 496 0
d 960 256 816 256 2 default
r 816 320 928 320 0 200000
w 1072 320 1024 320 0
w 1024 320 928 320 0
R 656 384 592 448 0 1 40 30 30 0 0.5
r 2192 496 2192 672 0 59000
g 2192 864 2192 896 0 0
r 2192 752 2192 864 0 1000
r 2448 752 2192 752 0 100000
w 816 128 816 256 0
p 2096 752 2096 864 1 0 0
g 2096 864 2096 896 0 0
w 2096 752 2192 752 0
f 1024 208 960 208 33 1.5 0.02
w 960 224 960 256 0
R 528 320 448 320 0 0 40 5 0 0 0.5
w 960 144 960 192 0
w 960 -48 960 0 0
w 960 32 960 64 0
f 1024 16 960 16 33 1.5 0.02
d 960 64 816 64 2 default
R 960 -48 1040 -48 0 0 40 5 0 0 0.5
w 816 64 816 128 0
g 1392 96 1392 128 0 0
r 1248 96 1248 16 0 1000
w 1248 16 1024 16 0
r 1248 -64 1248 16 0 1000
R 1248 -64 1328 -64 0 0 40 3.3 0 0 0.5
s 528 352 656 352 0 1 true
o 22 4 0 4099 5 0.00009765625 0 2 22 3
o 39 64 0 4099 5 0.00009765625 1 2 39 3
o 9 4 0 4099 40 0.0001953125 2 2 9 3
o 39 64 0 4099 5 0.00009765625 3 2 39 3
38 4 F1 0 0 60 -1 Voltage
